	Well	Fluor	Target	Content	Sample	Biological Set Name	Cq	Cq Mean	Cq Std. Dev	Starting Quantity (SQ)	Log Starting Quantity	SQ Mean	SQ Std. Dev	Set Point	Well Note
	A01	SYBR		Unkn			20.8035011476844	20.8035011476844	0	NaN	NaN	NaN	0	60	
	A02	SYBR		Unkn			20.4521812526037	20.4521812526037	0	NaN	NaN	NaN	0	60	
	A03	SYBR		Unkn			20.7308990816864	20.7308990816864	0	NaN	NaN	NaN	0	60	
	A04	SYBR		Unkn			21.5253150446195	21.5253150446195	0	NaN	NaN	NaN	0	60	
	A05	SYBR		Unkn			21.2479525810463	21.2479525810463	0	NaN	NaN	NaN	0	60	
	A06	SYBR		Unkn			21.12300284404	21.12300284404	0	NaN	NaN	NaN	0	60	
	A07	SYBR		Unkn			20.8460820468873	20.8460820468873	0	NaN	NaN	NaN	0	60	
	A08	SYBR		Unkn			21.1587860663484	21.1587860663484	0	NaN	NaN	NaN	0	60	
	A09	SYBR		Unkn			21.6276151120608	21.6276151120608	0	NaN	NaN	NaN	0	60	
	A10	SYBR		Unkn			21.4098874724164	21.4098874724164	0	NaN	NaN	NaN	0	60	
	A11	SYBR		Unkn			21.2230140587044	21.2230140587044	0	NaN	NaN	NaN	0	60	
	A12	SYBR		Unkn			21.3372807743531	21.3372807743531	0	NaN	NaN	NaN	0	60	
	B01	SYBR		Unkn			21.1513338521245	21.1513338521245	0	NaN	NaN	NaN	0	60	
	B02	SYBR		Unkn			20.8352525459649	20.8352525459649	0	NaN	NaN	NaN	0	60	
	B03	SYBR		Unkn			20.8756059278564	20.8756059278564	0	NaN	NaN	NaN	0	60	
	B04	SYBR		Unkn			21.7816731066757	21.7816731066757	0	NaN	NaN	NaN	0	60	
	B05	SYBR		Unkn			21.3866262407043	21.3866262407043	0	NaN	NaN	NaN	0	60	
	B06	SYBR		Unkn			21.1833536432819	21.1833536432819	0	NaN	NaN	NaN	0	60	
	B07	SYBR		Unkn			21.028415009808	21.028415009808	0	NaN	NaN	NaN	0	60	
	B08	SYBR		Unkn			21.2550789915447	21.2550789915447	0	NaN	NaN	NaN	0	60	
	B09	SYBR		Unkn			21.6416290063236	21.6416290063236	0	NaN	NaN	NaN	0	60	
	B10	SYBR		Unkn			21.5255784277537	21.5255784277537	0	NaN	NaN	NaN	0	60	
	B11	SYBR		Unkn			21.0709521508492	21.0709521508492	0	NaN	NaN	NaN	0	60	
	B12	SYBR		Unkn			21.5011294253437	21.5011294253437	0	NaN	NaN	NaN	0	60	
	C01	SYBR		Unkn			20.9463670592704	20.9463670592704	0	NaN	NaN	NaN	0	60	
	C02	SYBR		Unkn			20.7252550462358	20.7252550462358	0	NaN	NaN	NaN	0	60	
	C03	SYBR		Unkn			20.7113618838527	20.7113618838527	0	NaN	NaN	NaN	0	60	
	C04	SYBR		Unkn			21.7702932166834	21.7702932166834	0	NaN	NaN	NaN	0	60	
	C05	SYBR		Unkn			21.213236858231	21.213236858231	0	NaN	NaN	NaN	0	60	
	C06	SYBR		Unkn			21.3279837285638	21.3279837285638	0	NaN	NaN	NaN	0	60	
	C07	SYBR		Unkn			20.8095195412384	20.8095195412384	0	NaN	NaN	NaN	0	60	
	C08	SYBR		Unkn			21.338763262076	21.338763262076	0	NaN	NaN	NaN	0	60	
	C09	SYBR		Unkn			21.6886485063983	21.6886485063983	0	NaN	NaN	NaN	0	60	
	C10	SYBR		Unkn			21.4943722853482	21.4943722853482	0	NaN	NaN	NaN	0	60	
	C11	SYBR		Unkn			21.0050426446114	21.0050426446114	0	NaN	NaN	NaN	0	60	
	C12	SYBR		Unkn			21.440196725996	21.440196725996	0	NaN	NaN	NaN	0	60	
	D01	SYBR		Unkn			29.5263768053814	29.5263768053814	0	NaN	NaN	NaN	0	60	
	D02	SYBR		Unkn			29.6709572897789	29.6709572897789	0	NaN	NaN	NaN	0	60	
	D03	SYBR		Unkn			31.6086563889011	31.6086563889011	0	NaN	NaN	NaN	0	60	
	D04	SYBR		Unkn			31.5360660615614	31.5360660615614	0	NaN	NaN	NaN	0	60	
	D05	SYBR		Unkn			30.6082444340298	30.6082444340298	0	NaN	NaN	NaN	0	60	
	D06	SYBR		Unkn			28.194734173653	28.194734173653	0	NaN	NaN	NaN	0	60	
	D07	SYBR		Unkn			27.457916993331	27.457916993331	0	NaN	NaN	NaN	0	60	
	D08	SYBR		Unkn			28.2841538946659	28.2841538946659	0	NaN	NaN	NaN	0	60	
	D09	SYBR		Unkn			29.1930819317299	29.1930819317299	0	NaN	NaN	NaN	0	60	
	D10	SYBR		Unkn			27.6559979784773	27.6559979784773	0	NaN	NaN	NaN	0	60	
	D11	SYBR		Unkn			28.1118643302483	28.1118643302483	0	NaN	NaN	NaN	0	60	
	D12	SYBR		Unkn			28.5452344413722	28.5452344413722	0	NaN	NaN	NaN	0	60	
	E01	SYBR		Unkn			29.6439850375194	29.6439850375194	0	NaN	NaN	NaN	0	60	
	E02	SYBR		Unkn			29.7050873322575	29.7050873322575	0	NaN	NaN	NaN	0	60	
	E03	SYBR		Unkn			31.1927834222952	31.1927834222952	0	NaN	NaN	NaN	0	60	
	E04	SYBR		Unkn			31.5021418625219	31.5021418625219	0	NaN	NaN	NaN	0	60	
	E05	SYBR		Unkn			30.4477035728171	30.4477035728171	0	NaN	NaN	NaN	0	60	
	E06	SYBR		Unkn			28.2205972111066	28.2205972111066	0	NaN	NaN	NaN	0	60	
	E07	SYBR		Unkn			27.3585481739129	27.3585481739129	0	NaN	NaN	NaN	0	60	
	E08	SYBR		Unkn			28.2255719765576	28.2255719765576	0	NaN	NaN	NaN	0	60	
	E09	SYBR		Unkn			29.2409113887162	29.2409113887162	0	NaN	NaN	NaN	0	60	
	E10	SYBR		Unkn			28.030703081952	28.030703081952	0	NaN	NaN	NaN	0	60	
	E11	SYBR		Unkn			28.1821607655911	28.1821607655911	0	NaN	NaN	NaN	0	60	
	E12	SYBR		Unkn			28.6079056540658	28.6079056540658	0	NaN	NaN	NaN	0	60	
	F01	SYBR		Unkn			29.6109945545486	29.6109945545486	0	NaN	NaN	NaN	0	60	
	F02	SYBR		Unkn			29.7167289793274	29.7167289793274	0	NaN	NaN	NaN	0	60	
	F03	SYBR		Unkn			31.5739521488755	31.5739521488755	0	NaN	NaN	NaN	0	60	
	F04	SYBR		Unkn			31.5116034213163	31.5116034213163	0	NaN	NaN	NaN	0	60	
	F05	SYBR		Unkn			30.3460454626954	30.3460454626954	0	NaN	NaN	NaN	0	60	
	F06	SYBR		Unkn			28.2406030264573	28.2406030264573	0	NaN	NaN	NaN	0	60	
	F07	SYBR		Unkn			27.3474688391058	27.3474688391058	0	NaN	NaN	NaN	0	60	
	F08	SYBR		Unkn			28.6591582110196	28.6591582110196	0	NaN	NaN	NaN	0	60	
	F09	SYBR		Unkn			29.3036220407458	29.3036220407458	0	NaN	NaN	NaN	0	60	
	F10	SYBR		Unkn			27.9242750415844	27.9242750415844	0	NaN	NaN	NaN	0	60	
	F11	SYBR		Unkn			28.1519334333313	28.1519334333313	0	NaN	NaN	NaN	0	60	
	F12	SYBR		Unkn			28.7185396878677	28.7185396878677	0	NaN	NaN	NaN	0	60	
	G01	SYBR		Unkn			36.0430788285532	36.0430788285532	0	NaN	NaN	NaN	0	60	
	G02	SYBR		Unkn			36.0556071223697	36.0556071223697	0	NaN	NaN	NaN	0	60	
	G03	SYBR		Unkn			35.0138407032665	35.0138407032665	0	NaN	NaN	NaN	0	60	
	G04	SYBR		Unkn			36.2029695763467	36.2029695763467	0	NaN	NaN	NaN	0	60	
	G05	SYBR		Unkn			33.560010163051	33.560010163051	0	NaN	NaN	NaN	0	60	
	G06	SYBR		Unkn			37.0368989477491	37.0368989477491	0	NaN	NaN	NaN	0	60	
	G07	SYBR		Unkn			28.4528483362192	28.4528483362192	0	NaN	NaN	NaN	0	60	
	G08	SYBR		Unkn			32.1673634778115	32.1673634778115	0	NaN	NaN	NaN	0	60	
	G09	SYBR		Unkn			36.9445745083026	36.9445745083026	0	NaN	NaN	NaN	0	60	
	G10	SYBR		Unkn			34.6130757378216	34.6130757378216	0	NaN	NaN	NaN	0	60	
	G11	SYBR		Unkn			33.5281708917329	33.5281708917329	0	NaN	NaN	NaN	0	60	
	G12	SYBR		Unkn			33.5989780206728	33.5989780206728	0	NaN	NaN	NaN	0	60	
	H01	SYBR		Unkn			NaN	0	0	NaN	NaN	0	0	60	
	H02	SYBR		Unkn			37.1227675665749	37.1227675665749	0	NaN	NaN	NaN	0	60	
	H03	SYBR		Unkn			35.3042972230536	35.3042972230536	0	NaN	NaN	NaN	0	60	
	H04	SYBR		Unkn			38.746404090648	38.746404090648	0	NaN	NaN	NaN	0	60	
	H05	SYBR		Unkn			33.7190872506551	33.7190872506551	0	NaN	NaN	NaN	0	60	
	H06	SYBR		Unkn			34.8665512404548	34.8665512404548	0	NaN	NaN	NaN	0	60	
	H07	SYBR		Unkn			29.2927944905255	29.2927944905255	0	NaN	NaN	NaN	0	60	
	H08	SYBR		Unkn			32.114113852009	32.114113852009	0	NaN	NaN	NaN	0	60	
	H09	SYBR		Unkn			37.1257569515227	37.1257569515227	0	NaN	NaN	NaN	0	60	
	H10	SYBR		Unkn			34.4577283834552	34.4577283834552	0	NaN	NaN	NaN	0	60	
	H11	SYBR		Unkn			34.2506729155277	34.2506729155277	0	NaN	NaN	NaN	0	60	
	H12	SYBR		Unkn			34.970049658717	34.970049658717	0	NaN	NaN	NaN	0	60	
